[[1.000000238418579, 0.2389967143535614, 0.16489210724830627, 0.11994099617004395, 0.2005397379398346, 0.10223744064569473, 0.24687336385250092, 0.2842918634414673, 0.1909860223531723, 0.1809653341770172, 0.6095361709594727, 0.2590523362159729, 0.19541369378566742, 0.20894750952720642, 0.2225896120071411, 0.17622792720794678], [0.2389967143535614, 0.9999997019767761, 0.45632678270339966, 0.42315393686294556, 0.5624055862426758, 0.3185719847679138, 0.5126599669456482, 0.6320199966430664, 0.5646213293075562, 0.6479290723800659, 0.17597229778766632, 0.6608362197875977, 0.5835676789283752, 0.44750794768333435, 0.4341726303100586, 0.3871130347251892], [0.16489210724830627, 0.45632678270339966, 0.9999996423721313, 0.401345819234848, 0.5333744287490845, 0.19687803089618683, 0.1796092391014099, 0.2856888771057129, 0.2382400631904602, 0.6517195105552673, 0.08963202685117722, 0.6155776977539062, 0.6246099472045898, 0.18421688675880432, 0.13125678896903992, 0.23637187480926514], [0.11994099617004395, 0.42315393686294556, 0.401345819234848, 0.9999995827674866, 0.5198343396186829, 0.8332685232162476, 0.23978504538536072, 0.41295531392097473, 0.3524087369441986, 0.42113998532295227, 0.0884213000535965, 0.4461742639541626, 0.3039831519126892, 0.22393257915973663, 0.271494060754776, 0.21905772387981415], [0.2005397379398346, 0.5624055862426758, 0.5333744287490845, 0.5198343396186829, 0.9999996423721313, 0.3586696982383728, 0.3707529902458191, 0.48916617035865784, 0.4643368124961853, 0.5771712064743042, 0.15926054120063782, 0.6461038589477539, 0.4972856044769287, 0.3374703526496887, 0.292574942111969, 0.3764805793762207], [0.10223744064569473, 0.3185719847679138, 0.19687803089618683, 0.8332685232162476, 0.3586696982383728, 0.9999996423721313, 0.16256532073020935, 0.3026748299598694, 0.25019940733909607, 0.21513310074806213, 0.05636338144540787, 0.28608739376068115, 0.14542454481124878, 0.08652221411466599, 0.20569080114364624, 0.0652560368180275], [0.24687336385250092, 0.5126599669456482, 0.1796092391014099, 0.23978504538536072, 0.3707529902458191, 0.16256532073020935, 1.0000001192092896, 0.7078564167022705, 0.7264580130577087, 0.32460686564445496, 0.23396876454353333, 0.3727509379386902, 0.29993736743927, 0.6844509840011597, 0.4917271137237549, 0.6196288466453552], [0.2842918634414673, 0.6320199966430664, 0.2856888771057129, 0.41295531392097473, 0.48916617035865784, 0.3026748299598694, 0.7078564167022705, 1.0000003576278687, 0.7260286211967468, 0.473455011844635, 0.2617112398147583, 0.5057873725891113, 0.42968565225601196, 0.6385770440101624, 0.4993646442890167, 0.5675820708274841], [0.1909860223531723, 0.5646213293075562, 0.2382400631904602, 0.3524087369441986, 0.4643368124961853, 0.25019940733909607, 0.7264580130577087, 0.7260286211967468, 0.9999996423721313, 0.5021432638168335, 0.15773019194602966, 0.4618440866470337, 0.3754066526889801, 0.6702575087547302, 0.49096453189849854, 0.6476620435714722], [0.1809653341770172, 0.6479290723800659, 0.6517195105552673, 0.42113998532295227, 0.5771712064743042, 0.21513310074806213, 0.32460686564445496, 0.473455011844635, 0.5021432638168335, 0.9999996423721313, 0.09496360272169113, 0.6758135557174683, 0.728593647480011, 0.2991371750831604, 0.31347352266311646, 0.3158479928970337], [0.6095361709594727, 0.17597229778766632, 0.08963202685117722, 0.0884213000535965, 0.15926054120063782, 0.05636338144540787, 0.23396876454353333, 0.2617112398147583, 0.15773019194602966, 0.09496360272169113, 1.0, 0.13571015000343323, 0.16776493191719055, 0.2986410856246948, 0.08297479897737503, 0.24749404191970825], [0.2590523362159729, 0.6608362197875977, 0.6155776977539062, 0.4461742639541626, 0.6461038589477539, 0.28608739376068115, 0.3727509379386902, 0.5057873725891113, 0.4618440866470337, 0.6758135557174683, 0.13571015000343323, 0.9999998211860657, 0.6390711069107056, 0.2892534136772156, 0.37312203645706177, 0.29947206377983093], [0.19541369378566742, 0.5835676789283752, 0.6246099472045898, 0.3039831519126892, 0.4972856044769287, 0.14542454481124878, 0.29993736743927, 0.42968565225601196, 0.3754066526889801, 0.728593647480011, 0.16776493191719055, 0.6390711069107056, 0.9999995827674866, 0.30416953563690186, 0.25527119636535645, 0.3153347373008728], [0.20894750952720642, 0.44750794768333435, 0.18421688675880432, 0.22393257915973663, 0.3374703526496887, 0.08652221411466599, 0.6844509840011597, 0.6385770440101624, 0.6702575087547302, 0.2991371750831604, 0.2986410856246948, 0.2892534136772156, 0.30416953563690186, 1.0000001192092896, 0.35046929121017456, 0.8885116577148438], [0.2225896120071411, 0.4341726303100586, 0.13125678896903992, 0.271494060754776, 0.292574942111969, 0.20569080114364624, 0.4917271137237549, 0.4993646442890167, 0.49096453189849854, 0.31347352266311646, 0.08297479897737503, 0.37312203645706177, 0.25527119636535645, 0.35046929121017456, 0.9999995827674866, 0.30638694763183594], [0.17622792720794678, 0.3871130347251892, 0.23637187480926514, 0.21905772387981415, 0.3764805793762207, 0.0652560368180275, 0.6196288466453552, 0.5675820708274841, 0.6476620435714722, 0.3158479928970337, 0.24749404191970825, 0.29947206377983093, 0.3153347373008728, 0.8885116577148438, 0.30638694763183594, 1.0]]